ISS (ZARYA)
1 25544U 98067A   18247.58435821  .00001784  00000-0  34446-4 0  9993
2 25544  51.6427 343.0272 0005775 124.2779  18.7158 15.53928631130865
FLOCK 2E'-14
1 41762U 98067KJ  18246.57954952  .00070357  00000-0  30176-3 0  9999
2 41762  51.6312 292.1048 0003535  37.5701 322.5549 15.84427002112507
FLOCK 2E'-15
1 41764U 98067KL  18247.37696115  .00067199  00000-0  32378-3 0  9990
2 41764  51.6303 291.4346 0002315  47.2855 312.8342 15.81976407112547
TIANGONG-2
1 41765U 16057A   18247.42840704  .00002524  00000-0  35774-4 0  9996
2 41765  42.7835 229.1867 0005759  88.6387  48.6331 15.59366213112397
FLOCK 2E'-18
1 41769U 98067KM  18247.40871265  .00064765  00000-0  31584-3 0  9994
2 41769  51.6314 290.8932 0001586  21.5899 338.5169 15.81732305112550
FLOCK 2E'-20
1 41782U 98067KQ  18247.44721866  .00350808  61243-4  77951-3 0  9998
2 41782  51.6269 272.9455 0006777  40.5593 319.5920 15.97330110112610
BANXING-2
1 41834U 16057H   18247.27968052  .00016406  00000-0  82519-4 0  9996
2 41834  42.7796 169.8426 0011513 175.5780 321.9753 15.81323859107101
ITF-2
1 41932U 98067KU  18246.59325788  .00037722  00000-0  18298-3 0  9999
2 41932  51.6299 295.1891 0002227  82.7546 277.3710 15.82081513 93152
WASEDA-SAT3
1 41933U 98067KV  18247.46928860  .00148014  19981-4  33900-3 0  9993
2 41933  51.6292 277.5197 0004861  38.0239 322.1112 15.97041159 93465
AOBA-VELOX 3
1 41935U 98067KX  18246.52453815  .00079157  00000-0  25989-3 0  9991
2 41935  51.6323 287.8864 0003349  44.8022 315.3253 15.89829258 93344
